{
  "fundData": {
    "SPDR Gold Shares": {
      "annualizedReturn": 0.32380686460047503,
      "annualizedVolatility": 0.15788463596669677,
      "sharpeRatio": 1.8608958547584633,
      "maxDrawdown": -0.10954564460233362,
      "description": "An ETF tracking the price of gold bullion, providing exposure to the precious metals market.",
      "assetClass": "Alternative - Commodities"
    },
    "Lion-OCBC Securities Singapore Low Carbon ETF": {
      "annualizedReturn": 0.14480546944598705,
      "annualizedVolatility": 0.16406625362342356,
      "sharpeRatio": 0.6997506611536134,
      "maxDrawdown": -0.14963211800296106,
      "description": "An ETF focusing on Singapore companies with lower carbon footprints compared to sector peers.",
      "assetClass": "Equity - ESG"
    },
    "Lion-OCBC Securities Hang Seng TECH ETF": {
      "annualizedReturn": 0.18229165316190454,
      "annualizedVolatility": 0.3628648432136557,
      "sharpeRatio": 0.41969249986622387,
      "maxDrawdown": -0.3346613902177463,
      "description": "An ETF tracking the Hang Seng TECH Index, providing exposure to the 30 largest technology companies in Hong Kong.",
      "assetClass": "Equity - Technology"
    },
    "Nikko AM Singapore STI ETF": {
      "annualizedReturn": 0.12965610439929542,
      "annualizedVolatility": 0.12943824541325077,
      "sharpeRatio": 0.7699123553562438,
      "maxDrawdown": -0.14486328083699662,
      "description": "An ETF tracking the Straits Times Index, providing exposure to the Singapore stock market.",
      "assetClass": "Equity - Singapore"
    },
    "iShares MSCI India Climate Transition ETF": {
      "annualizedReturn": 0.14325886389281872,
      "annualizedVolatility": 0.1530357685566991,
      "sharpeRatio": 0.7400809951881073,
      "maxDrawdown": -0.16583665021705007,
      "description": "An ETF focused on Indian companies that are aligned with the transition to a low carbon economy.",
      "assetClass": "Equity - India"
    },
    "CSOP FTSE Asia Pacific Low Carbon Index ETF": {
      "annualizedReturn": 0.09637507686044366,
      "annualizedVolatility": 0.17332626930856296,
      "sharpeRatio": 0.382948742422188,
      "maxDrawdown": -0.1712986313219257,
      "description": "An ETF tracking companies with low carbon footprint across the Asia Pacific region.",
      "assetClass": "Equity - ESG"
    },
    "Xtrackers MSCI China UCITS ETF 1C": {
      "annualizedReturn": 0.08519751367259998,
      "annualizedVolatility": 0.29082725111798474,
      "sharpeRatio": 0.18979484714865005,
      "maxDrawdown": -0.2585365946699931,
      "description": "An ETF providing exposure to large and mid-cap companies from mainland China.",
      "assetClass": "Equity - China"
    },
    "Lion-OCBC Securities China Leaders ETF": {
      "annualizedReturn": 0.06777917757469698,
      "annualizedVolatility": 0.2427562303913709,
      "sharpeRatio": 0.15562598543316272,
      "maxDrawdown": -0.19962219389076463,
      "description": "An ETF focusing on leading Chinese companies across various sectors.",
      "assetClass": "Equity - China"
    },
    "NikkoAM-StraitsTrading MSCI China Electric Vehicles and Future Mobile ETF": {
      "annualizedReturn": -0.042698599490085365,
      "annualizedVolatility": 0.3757088396859511,
      "sharpeRatio": -0.19349717603358213,
      "maxDrawdown": -0.46849759804843427,
      "description": "An ETF targeting Chinese companies in the electric vehicle and mobile technology sectors.",
      "assetClass": "Equity - Sector Specific"
    },
    "iShares Barclays Capital USD Asia High Yield Bond Index ETF": {
      "annualizedReturn": 0.0746404013849038,
      "annualizedVolatility": 0.07430771516946082,
      "sharpeRatio": 0.6007505584460526,
      "maxDrawdown": -0.07415987208085617,
      "description": "This ETF seeks to track the performance of an index composed of USD-denominated high yield bonds issued by Asian governments and Asian-domiciled corporations.",
      "assetClass": "Equity - US"
    }
  },
  "covarianceMatrix": [
    [
      0.024927558274336337,
      0.0030279742683873875,
      0.004962522989345229,
      0.0022478672729818096,
      0.0009712412212065039,
      0.002709227293237011,
      0.0016654914736753395,
      0.0016796514560324075,
      0.0017457006461047092,
      -0.0003875527618253869
    ],
    [
      0.0030279742683873875,
      0.026917735578025542,
      0.022813488178864607,
      0.015458419583139472,
      0.008804412839880054,
      0.014210511724260803,
      0.02024442264193629,
      0.013963514815658029,
      0.017708364892073048,
      0.0037591189926220016
    ],
    [
      0.004962522989345229,
      0.022813488178864607,
      0.13167089444047095,
      0.01628927877628588,
      0.006996550154402542,
      0.022105640684826105,
      0.08664526638939643,
      0.0717834007148645,
      0.09896963522763,
      0.004811857934374698
    ],
    [
      0.0022478672729818096,
      0.015458419583139472,
      0.01628927877628588,
      0.01675425937566092,
      0.006807009476853607,
      0.011141073439455862,
      0.013798164200844157,
      0.008993122609435923,
      0.01243281840566853,
      0.0032136047883545224
    ],
    [
      0.0009712412212065039,
      0.008804412839880054,
      0.006996550154402542,
      0.006807009476853607,
      0.02341994645773957,
      0.009426397349529781,
      0.00771304996010361,
      0.00339008988598734,
      0.006128016814872656,
      0.0026782023255327563
    ],
    [
      0.002709227293237011,
      0.014210511724260803,
      0.022105640684826105,
      0.011141073439455862,
      0.009426397349529781,
      0.03004199563242443,
      0.020165712772374837,
      0.013528523551600512,
      0.02094815728449436,
      0.0045293405276094646
    ],
    [
      0.0016654914736753395,
      0.02024442264193629,
      0.08664526638939643,
      0.013798164200844157,
      0.00771304996010361,
      0.020165712772374837,
      0.08458048999284332,
      0.05322229115435231,
      0.07128909646464747,
      0.004605093489059628
    ],
    [
      0.0016796514560324075,
      0.013963514815658029,
      0.0717834007148645,
      0.008993122609435923,
      0.00339008988598734,
      0.013528523551600512,
      0.05322229115435231,
      0.058930587393828324,
      0.06303096321989682,
      0.0032924681134241223
    ],
    [
      0.0017457006461047092,
      0.017708364892073048,
      0.09896963522763,
      0.01243281840566853,
      0.006128016814872656,
      0.02094815728449436,
      0.07128909646464747,
      0.06303096321989682,
      0.1411571322181637,
      0.0043170315523259496
    ],
    [
      -0.0003875527618253869,
      0.0037591189926220016,
      0.004811857934374698,
      0.0032136047883545224,
      0.0026782023255327563,
      0.0045293405276094646,
      0.004605093489059628,
      0.0032924681134241223,
      0.0043170315523259496,
      0.005521636533705718
    ]
  ],
  "fundsWithTickers": {
    "SPDR Gold Shares": "O87.SI",
    "Lion-OCBC Securities Singapore Low Carbon ETF": "ESG.SI",
    "Lion-OCBC Securities Hang Seng TECH ETF": "HST.SI",
    "Nikko AM Singapore STI ETF": "G3B.SI",
    "iShares MSCI India Climate Transition ETF": "QK9.SI",
    "CSOP FTSE Asia Pacific Low Carbon Index ETF": "LCS.SI",
    "Xtrackers MSCI China UCITS ETF 1C": "TID.SI",
    "Lion-OCBC Securities China Leaders ETF": "YYY.SI",
    "NikkoAM-StraitsTrading MSCI China Electric Vehicles and Future Mobile ETF": "EVS.SI",
    "iShares Barclays Capital USD Asia High Yield Bond Index ETF": "QL3.SI"
  },
  "fundDescriptions": {
    "SPDR Gold Shares": "An ETF tracking the price of gold bullion, providing exposure to the precious metals market.",
    "Lion-OCBC Securities Singapore Low Carbon ETF": "An ETF focusing on Singapore companies with lower carbon footprints compared to sector peers.",
    "Lion-OCBC Securities Hang Seng TECH ETF": "An ETF tracking the Hang Seng TECH Index, providing exposure to the 30 largest technology companies in Hong Kong.",
    "Nikko AM Singapore STI ETF": "An ETF tracking the Straits Times Index, providing exposure to the Singapore stock market.",
    "iShares MSCI India Climate Transition ETF": "An ETF focused on Indian companies that are aligned with the transition to a low carbon economy.",
    "CSOP FTSE Asia Pacific Low Carbon Index ETF": "An ETF tracking companies with low carbon footprint across the Asia Pacific region.",
    "Xtrackers MSCI China UCITS ETF 1C": "An ETF providing exposure to large and mid-cap companies from mainland China.",
    "Lion-OCBC Securities China Leaders ETF": "An ETF focusing on leading Chinese companies across various sectors.",
    "NikkoAM-StraitsTrading MSCI China Electric Vehicles and Future Mobile ETF": "An ETF targeting Chinese companies in the electric vehicle and mobile technology sectors.",
    "iShares Barclays Capital USD Asia High Yield Bond Index ETF": "This ETF seeks to track the performance of an index composed of USD-denominated high yield bonds issued by Asian governments and Asian-domiciled corporations."
  },
  "fundAssetClasses": {
    "SPDR Gold Shares": "Alternative - Commodities",
    "Lion-OCBC Securities Singapore Low Carbon ETF": "Equity - ESG",
    "Lion-OCBC Securities Hang Seng TECH ETF": "Equity - Technology",
    "Nikko AM Singapore STI ETF": "Equity - Singapore",
    "iShares MSCI India Climate Transition ETF": "Equity - India",
    "CSOP FTSE Asia Pacific Low Carbon Index ETF": "Equity - ESG",
    "Xtrackers MSCI China UCITS ETF 1C": "Equity - China",
    "Lion-OCBC Securities China Leaders ETF": "Equity - China",
    "NikkoAM-StraitsTrading MSCI China Electric Vehicles and Future Mobile ETF": "Equity - Sector Specific",
    "iShares Barclays Capital USD Asia High Yield Bond Index ETF": "Equity - US"
  },
  "efficientFrontier": {
    "ef_with_short": {
      "returns": [
        0.10944285059218606,
        0.11408281911036328,
        0.1187227876285405,
        0.12336275614671771,
        0.12800272466489493,
        0.13264269318307215,
        0.13728266170124936,
        0.14192263021942658,
        0.1465625987376038,
        0.15120256725578102,
        0.15584253577395824,
        0.16048250429213545,
        0.16512247281031267,
        0.1697624413284899,
        0.1744024098466671,
        0.17904237836484432,
        0.18368234688302154,
        0.18832231540119876,
        0.19296228391937598,
        0.1976022524375532,
        0.2022422209557304,
        0.20688218947390763,
        0.21152215799208485,
        0.21616212651026206,
        0.22080209502843925,
        0.22544206354661647,
        0.2300820320647937,
        0.2347220005829709,
        0.23936196910114813,
        0.24400193761932534,
        0.24864190613750256,
        0.25328187465567975,
        0.257921843173857,
        0.2625618116920342,
        0.26720178021021146,
        0.2718417487283886,
        0.2764817172465659,
        0.28112168576474306,
        0.28576165428292033,
        0.2904016228010975,
        0.29504159131927477,
        0.2996815598374519,
        0.3043215283556292,
        0.30896149687380636,
        0.31360146539198364,
        0.3182414339101608,
        0.32288140242833807,
        0.32752137094651523,
        0.33216133946469245,
        0.33680130798286967
      ],
      "volatilities": [
        0.06297723889944125,
        0.06306805216380876,
        0.06332079918632584,
        0.06373506869560462,
        0.06430751041126097,
        0.06503305120845375,
        0.06590777294454826,
        0.06692511205370048,
        0.06807861151665924,
        0.06936184210313191,
        0.0707677046417268,
        0.07228904976305725,
        0.07391884318337312,
        0.07564935990020372,
        0.077475115844218,
        0.07938798830934013,
        0.08138322478343171,
        0.08345433156621622,
        0.08559574626668151,
        0.08780230410780315,
        0.09007289286308694,
        0.09239558525447084,
        0.09477105948586294,
        0.09719387906439882,
        0.09966079278878899,
        0.10216911778851166,
        0.10471646122758624,
        0.1072987967596878,
        0.10991477908821168,
        0.11256158224147912,
        0.11523708107011918,
        0.11793931805603479,
        0.12066649325090695,
        0.12341695364143339,
        0.12618918236261428,
        0.128981786571747,
        0.13179404147748358,
        0.13462345351391722,
        0.1374695694611638,
        0.14033172568243316,
        0.14320859660177135,
        0.14609950541782943,
        0.1490095850503646,
        0.15192476651445014,
        0.15485175289867903,
        0.15778991936270767,
        0.16073869064547144,
        0.16369753190361222,
        0.16666594117210587,
        0.16964344473021764
      ]
    },
    "ef_no_short": {
      "returns": [
        0.11430204365110425,
        0.11769726228378358,
        0.12109248091646291,
        0.12448769954914224,
        0.12788291818182157,
        0.1312781368145009,
        0.13467335544718023,
        0.13806857407985956,
        0.1414637927125389,
        0.14485901134521822,
        0.14825422997789756,
        0.1516494486105769,
        0.15504466724325622,
        0.15843988587593555,
        0.16183510450861485,
        0.16523032314129418,
        0.16862554177397351,
        0.17202076040665285,
        0.17541597903933218,
        0.1788111976720115,
        0.18220641630469084,
        0.18560163493737017,
        0.1889968535700495,
        0.19239207220272883,
        0.19578729083540816,
        0.1991825094680875,
        0.20257772810076682,
        0.20597294673344613,
        0.20936816536612546,
        0.2127633839988048,
        0.21615860263148412,
        0.21955382126416345,
        0.22294903989684278,
        0.2263442585295221,
        0.22973947716220144,
        0.23313469579488078,
        0.2365299144275601,
        0.23992513306023944,
        0.24332035169291877,
        0.2467155703255981,
        0.25011078895827743,
        0.25350600759095676,
        0.2569012262236361,
        0.2602964448563154,
        0.26369166348899475,
        0.2670868821216741,
        0.2704821007543534,
        0.27387731938703275,
        0.2772725380197121,
        0.2806677566523914
      ],
      "volatilities": [
        0.06446387883498594,
        0.06452023965564098,
        0.0646972188401165,
        0.06499272966599531,
        0.06540612207142193,
        0.06593540787873133,
        0.06657655054736734,
        0.06732718840189027,
        0.0681836114468657,
        0.06914320154913461,
        0.07020324826371799,
        0.07135889379043625,
        0.07260614048875373,
        0.07393936676954285,
        0.07535457923189508,
        0.07684760361326429,
        0.0784163689407582,
        0.08004990263530631,
        0.08174749902659739,
        0.0835047493817341,
        0.08531832811873788,
        0.08718401333097721,
        0.08909950443197569,
        0.09106137536724425,
        0.09306669079712895,
        0.09511187160800794,
        0.09719501694575053,
        0.09931352204948188,
        0.10146514857015633,
        0.10364776128402955,
        0.10586006560128516,
        0.1080993900632614,
        0.1103633816483658,
        0.11265269253119219,
        0.114963276402759,
        0.1172949996857322,
        0.11964767628143622,
        0.12206165474169305,
        0.12456242636665496,
        0.1271341107306872,
        0.12978140413763425,
        0.13250681518639915,
        0.13532651021589506,
        0.13823925220526212,
        0.1412608071121796,
        0.1443885614370922,
        0.14761599425210015,
        0.15093600407241745,
        0.15434331984063424,
        0.1578846359666967
      ]
    },
    "gmvp_with_short": {
      "volatility": 0.06297695503368181,
      "return": 0.10944285059218606,
      "weights": [
        0.16980082643563899,
        -0.04195649898009046,
        -0.052204945556991345,
        0.11849755958113574,
        0.08448106637850791,
        -0.03431451209700333,
        -0.002489086692203183,
        0.0833318311677385,
        0.0021554282546455816,
        0.6726983315086216
      ]
    },
    "gmvp_no_short": {
      "volatility": 0.06446382032727226,
      "return": 0.11430204365110425,
      "weights": [
        0.16774097188628054,
        0.0,
        0.0,
        0.056749486785350564,
        0.07363546424414401,
        0.0,
        2.2982121441377304e-18,
        0.014228830644487786,
        0.0,
        0.6876452464397371
      ]
    },
    "market_portfolio_with_short": {
      "volatility": 0.09595938343468659,
      "return": 0.21381664383849197,
      "weights": [
        0.4835806330072706,
        0.023684017246286188,
        0.13376381940478976,
        0.10941550232984658,
        0.16044453171073328,
        -0.07248302616757957,
        -0.05209888916442365,
        -0.011990499841843753,
        -0.11346951775219305,
        0.3391534292271137
      ],
      "sharpe": 1.915567162471445
    },
    "market_portfolio_no_short": {
      "volatility": 0.0875984266207788,
      "return": 0.18634403537915384,
      "weights": [
        0.483691440092478,
        6.924189411942894e-16,
        0.004110574920124609,
        0.08978452332375078,
        0.137884200973611,
        0.0,
        5.0754214199477676e-17,
        7.301424005332069e-17,
        0.0,
        0.2845292606900359
      ],
      "sharpe": 1.7847813186871582
    },
    "assets": {
      "returns": {
        "SPDR Gold Shares": 0.2806677566523914,
        "Lion-OCBC Securities Singapore Low Carbon ETF": 0.13527101995399712,
        "Lion-OCBC Securities Hang Seng TECH ETF": 0.16751028336958737,
        "Nikko AM Singapore STI ETF": 0.1219427485367356,
        "iShares MSCI India Climate Transition ETF": 0.1339184077764187,
        "CSOP FTSE Asia Pacific Low Carbon Index ETF": 0.09202615250376057,
        "Xtrackers MSCI China UCITS ETF 1C": 0.08177527605223942,
        "Lion-OCBC Securities China Leaders ETF": 0.06558949078555458,
        "NikkoAM-StraitsTrading MSCI China Electric Vehicles and Future Mobile ETF": -0.04363321612053365,
        "iShares Barclays Capital USD Asia High Yield Bond Index ETF": 0.07199637799993854
      },
      "names": [
        "SPDR Gold Shares",
        "Lion-OCBC Securities Singapore Low Carbon ETF",
        "Lion-OCBC Securities Hang Seng TECH ETF",
        "Nikko AM Singapore STI ETF",
        "iShares MSCI India Climate Transition ETF",
        "CSOP FTSE Asia Pacific Low Carbon Index ETF",
        "Xtrackers MSCI China UCITS ETF 1C",
        "Lion-OCBC Securities China Leaders ETF",
        "NikkoAM-StraitsTrading MSCI China Electric Vehicles and Future Mobile ETF",
        "iShares Barclays Capital USD Asia High Yield Bond Index ETF"
      ]
    }
  }
}