{
  "fundData": {
    "SPDR Gold Shares": {
      "annualizedReturn": 0.30883374183767476,
      "annualizedVolatility": 0.15732132215646458,
      "sharpeRatio": 1.77238366685197,
      "maxDrawdown": -0.10954564460233329,
      "description": "An ETF tracking the price of gold bullion, providing exposure to the precious metals market.",
      "assetClass": "Alternative - Commodities"
    },
    "Lion-OCBC Securities Singapore Low Carbon ETF": {
      "annualizedReturn": 0.13833711886367728,
      "annualizedVolatility": 0.16406447223625487,
      "sharpeRatio": 0.6603325960032985,
      "maxDrawdown": -0.14963211800296128,
      "description": "An ETF focusing on Singapore companies with lower carbon footprints compared to sector peers.",
      "assetClass": "Equity - ESG"
    },
    "Lion-OCBC Securities Hang Seng TECH ETF": {
      "annualizedReturn": 0.1864653955298059,
      "annualizedVolatility": 0.3627351494359129,
      "sharpeRatio": 0.4313488664473907,
      "maxDrawdown": -0.3346613902177462,
      "description": "An ETF tracking the Hang Seng TECH Index, providing exposure to the 30 largest technology companies in Hong Kong.",
      "assetClass": "Equity - Technology"
    },
    "Nikko AM Singapore STI ETF": {
      "annualizedReturn": 0.12447023640142052,
      "annualizedVolatility": 0.12918677587361033,
      "sharpeRatio": 0.731268628407023,
      "maxDrawdown": -0.14486328083699684,
      "description": "An ETF tracking the Straits Times Index, providing exposure to the Singapore stock market.",
      "assetClass": "Equity - Singapore"
    },
    "iShares MSCI India Climate Transition ETF": {
      "annualizedReturn": 0.13674877504846794,
      "annualizedVolatility": 0.15263002081308924,
      "sharpeRatio": 0.6993956659364707,
      "maxDrawdown": -0.16583665021705052,
      "description": "An ETF focused on Indian companies that are aligned with the transition to a low carbon economy.",
      "assetClass": "Equity - India"
    },
    "CSOP FTSE Asia Pacific Low Carbon Index ETF": {
      "annualizedReturn": 0.09323385482469004,
      "annualizedVolatility": 0.17328517027812598,
      "sharpeRatio": 0.364912096766264,
      "maxDrawdown": -0.17129863132192513,
      "description": "An ETF tracking companies with low carbon footprint across the Asia Pacific region.",
      "assetClass": "Equity - ESG"
    },
    "Xtrackers MSCI China UCITS ETF 1C": {
      "annualizedReturn": 0.07967126345666964,
      "annualizedVolatility": 0.29094621520318353,
      "sharpeRatio": 0.1707231813343284,
      "maxDrawdown": -0.25853659466999346,
      "description": "An ETF providing exposure to large and mid-cap companies from mainland China.",
      "assetClass": "Equity - China"
    },
    "Lion-OCBC Securities China Leaders ETF": {
      "annualizedReturn": 0.06675637559616554,
      "annualizedVolatility": 0.24278989759450834,
      "sharpeRatio": 0.15139170105649788,
      "maxDrawdown": -0.19962219389076497,
      "description": "An ETF focusing on leading Chinese companies across various sectors.",
      "assetClass": "Equity - China"
    },
    "NikkoAM-StraitsTrading MSCI China Electric Vehicles and Future Mobile ETF": {
      "annualizedReturn": -0.053912383231681016,
      "annualizedVolatility": 0.37584917247911487,
      "sharpeRatio": -0.22326079016801306,
      "maxDrawdown": -0.46849759804843405,
      "description": "An ETF targeting Chinese companies in the electric vehicle and mobile technology sectors.",
      "assetClass": "Equity - Sector Specific"
    },
    "CSOP CSI STAR and CHINEXT 50 index ETF": {
      "annualizedReturn": 7.217257787435962,
      "annualizedVolatility": 3.0873675961940155,
      "sharpeRatio": 2.3279566049394727,
      "maxDrawdown": -0.30482201367636275,
      "description": "An ETF tracking innovative and high-growth Chinese companies listed on the STAR and ChiNext boards.",
      "assetClass": "Equity - Growth"
    }
  },
  "covarianceMatrix": [
    [
      0.024749998405058128,
      0.00298319331088468,
      0.0051419610793132795,
      0.0021315329871507502,
      0.0008031036324257623,
      0.0026585912827089254,
      0.001702837802728439,
      0.0017693197598453697,
      0.0017048284439876477,
      0.028260505496998004
    ],
    [
      0.00298319331088468,
      0.02691715105016083,
      0.022889309810378542,
      0.015418139242848615,
      0.008742591143007036,
      0.014196295416982137,
      0.02028257405789535,
      0.014011826311818815,
      0.017733137387939146,
      0.030127351998451582
    ],
    [
      0.0051419610793132795,
      0.022889309810378542,
      0.13157678863629405,
      0.016375616267900094,
      0.007111060337957597,
      0.022152689735345513,
      0.08668951543473713,
      0.0717661060971303,
      0.0991110433371924,
      -0.020935093813992688
    ],
    [
      0.0021315329871507502,
      0.015418139242848615,
      0.016375616267900094,
      0.016689223060618402,
      0.006716683068531932,
      0.011109374042429721,
      0.013793282261020999,
      0.009025624444856682,
      0.012370203789786918,
      0.022684767902738365
    ],
    [
      0.0008031036324257623,
      0.008742591143007036,
      0.007111060337957597,
      0.006716683068531932,
      0.02329592325340406,
      0.00938106689286973,
      0.007696336785591962,
      0.003428427072131413,
      0.006025730914097484,
      0.013889408818120659
    ],
    [
      0.0026585912827089254,
      0.014196295416982137,
      0.022152689735345513,
      0.011109374042429721,
      0.00938106689286973,
      0.03002775023831909,
      0.0201724881498567,
      0.013550629733593446,
      0.020931770483995388,
      0.005981442947327215
    ],
    [
      0.001702837802728439,
      0.02028257405789535,
      0.08668951543473713,
      0.013793282261020999,
      0.007696336785591962,
      0.0201724881498567,
      0.08464970014105719,
      0.05327235023768626,
      0.07139178346733456,
      -0.026798315640431617
    ],
    [
      0.0017693197598453697,
      0.014011826311818815,
      0.0717661060971303,
      0.009025624444856682,
      0.003428427072131413,
      0.013550629733593446,
      0.05327235023768626,
      0.05894693437395186,
      0.0631357562290784,
      -0.02012662980377471
    ],
    [
      0.0017048284439876477,
      0.017733137387939146,
      0.0991110433371924,
      0.012370203789786918,
      0.006025730914097484,
      0.020931770483995388,
      0.07139178346733456,
      0.0631357562290784,
      0.14126260045323555,
      0.002466313790127484
    ],
    [
      0.028260505496998004,
      0.030127351998451582,
      -0.020935093813992688,
      0.022684767902738365,
      0.013889408818120659,
      0.005981442947327215,
      -0.026798315640431617,
      -0.02012662980377471,
      0.002466313790127484,
      9.531838674028815
    ]
  ],
  "fundsWithTickers": {
    "SPDR Gold Shares": "O87.SI",
    "Lion-OCBC Securities Singapore Low Carbon ETF": "ESG.SI",
    "Lion-OCBC Securities Hang Seng TECH ETF": "HST.SI",
    "Nikko AM Singapore STI ETF": "G3B.SI",
    "iShares MSCI India Climate Transition ETF": "QK9.SI",
    "CSOP FTSE Asia Pacific Low Carbon Index ETF": "LCS.SI",
    "Xtrackers MSCI China UCITS ETF 1C": "TID.SI",
    "Lion-OCBC Securities China Leaders ETF": "YYY.SI",
    "NikkoAM-StraitsTrading MSCI China Electric Vehicles and Future Mobile ETF": "EVS.SI",
    "CSOP CSI STAR and CHINEXT 50 index ETF": "SCY.SI"
  },
  "fundDescriptions": {
    "SPDR Gold Shares": "An ETF tracking the price of gold bullion, providing exposure to the precious metals market.",
    "Lion-OCBC Securities Singapore Low Carbon ETF": "An ETF focusing on Singapore companies with lower carbon footprints compared to sector peers.",
    "Lion-OCBC Securities Hang Seng TECH ETF": "An ETF tracking the Hang Seng TECH Index, providing exposure to the 30 largest technology companies in Hong Kong.",
    "Nikko AM Singapore STI ETF": "An ETF tracking the Straits Times Index, providing exposure to the Singapore stock market.",
    "iShares MSCI India Climate Transition ETF": "An ETF focused on Indian companies that are aligned with the transition to a low carbon economy.",
    "CSOP FTSE Asia Pacific Low Carbon Index ETF": "An ETF tracking companies with low carbon footprint across the Asia Pacific region.",
    "Xtrackers MSCI China UCITS ETF 1C": "An ETF providing exposure to large and mid-cap companies from mainland China.",
    "Lion-OCBC Securities China Leaders ETF": "An ETF focusing on leading Chinese companies across various sectors.",
    "NikkoAM-StraitsTrading MSCI China Electric Vehicles and Future Mobile ETF": "An ETF targeting Chinese companies in the electric vehicle and mobile technology sectors.",
    "CSOP CSI STAR and CHINEXT 50 index ETF": "An ETF tracking innovative and high-growth Chinese companies listed on the STAR and ChiNext boards."
  },
  "fundAssetClasses": {
    "SPDR Gold Shares": "Alternative - Commodities",
    "Lion-OCBC Securities Singapore Low Carbon ETF": "Equity - ESG",
    "Lion-OCBC Securities Hang Seng TECH ETF": "Equity - Technology",
    "Nikko AM Singapore STI ETF": "Equity - Singapore",
    "iShares MSCI India Climate Transition ETF": "Equity - India",
    "CSOP FTSE Asia Pacific Low Carbon Index ETF": "Equity - ESG",
    "Xtrackers MSCI China UCITS ETF 1C": "Equity - China",
    "Lion-OCBC Securities China Leaders ETF": "Equity - China",
    "NikkoAM-StraitsTrading MSCI China Electric Vehicles and Future Mobile ETF": "Equity - Sector Specific",
    "CSOP CSI STAR and CHINEXT 50 index ETF": "Equity - Growth"
  },
  "efficientFrontier": {
    "ef_with_short": {
      "returns": [
        0.14274454568499328,
        0.19162885716270645,
        0.2405131686404196,
        0.28939748011813277,
        0.3382817915958459,
        0.3871661030735591,
        0.43605041455127225,
        0.4849347260289854,
        0.5338190375066986,
        0.5827033489844118,
        0.6315876604621249,
        0.6804719719398381,
        0.7293562834175512,
        0.7782405948952643,
        0.8271249063729775,
        0.8760092178506907,
        0.9248935293284039,
        0.973777840806117,
        1.0226621522838302,
        1.0715464637615435,
        1.1204307752392566,
        1.1693150867169697,
        1.2181993981946828,
        1.267083709672396,
        1.315968021150109,
        1.3648523326278221,
        1.4137366441055352,
        1.4626209555832488,
        1.5115052670609619,
        1.560389578538675,
        1.609273890016388,
        1.6581582014941012,
        1.7070425129718143,
        1.7559268244495274,
        1.8048111359272405,
        1.853695447404954,
        1.9025797588826672,
        1.9514640703603803,
        2.0003483818380934,
        2.0492326933158065,
        2.0981170047935196,
        2.1470013162712327,
        2.195885627748946,
        2.244769939226659,
        2.2936542507043725,
        2.3425385621820856,
        2.3914228736597987,
        2.4403071851375118,
        2.489191496615225,
        2.538075808092938
      ],
      "volatilities": [
        0.0902834264380094,
        0.09649679399557076,
        0.11313875133759756,
        0.13644466468671396,
        0.16359098823229506,
        0.19296386643169552,
        0.2236876770391928,
        0.2557687092297664,
        0.29026434672611484,
        0.32657607028395463,
        0.3667765027792214,
        0.41105478899306064,
        0.4582668469028537,
        0.5093088978415675,
        0.5640281022494709,
        0.6214515294107983,
        0.6808811358184356,
        0.7420641800869393,
        0.80491626008118,
        0.8691410013011005,
        0.9346376461964419,
        1.0013521222392412,
        1.069067053414902,
        1.13760379138237,
        1.206822349468395,
        1.2766119765604624,
        1.3468836290549313,
        1.417565449033997,
        1.4885995042947937,
        1.5599374679311995,
        1.6315394717507044,
        1.7033722235957987,
        1.7754077156664583,
        1.8476222292544657,
        1.919995569885763,
        1.9925104282401733,
        2.065151895326316,
        2.1379070679118986,
        2.2107697431307867,
        2.283715991347582,
        2.356766451971711,
        2.429877054713179,
        2.5031383312071323,
        2.57652501093072,
        2.650026675014939,
        2.723634015507365,
        2.79733869061185,
        2.8711332032656194,
        2.9450108004641393,
        3.0189653827910203
      ]
    },
    "ef_no_short": {
      "returns": [
        0.16324265732130527,
        0.20307572907823337,
        0.24290880083516148,
        0.28274187259208955,
        0.3225749443490177,
        0.36240801610594575,
        0.4022410878628738,
        0.44207415961980195,
        0.48190723137673,
        0.521740303133658,
        0.5615733748905862,
        0.6014064466475143,
        0.6412395184044424,
        0.6810725901613705,
        0.7209056619182986,
        0.7607387336752267,
        0.8005718054321548,
        0.8404048771890829,
        0.8802379489460109,
        0.9200710207029391,
        0.9599040924598672,
        0.9997371642167953,
        1.0395702359737233,
        1.0794033077306513,
        1.1192363794875795,
        1.1590694512445077,
        1.1989025230014356,
        1.2387355947583638,
        1.278568666515292,
        1.31840173827222,
        1.3582348100291481,
        1.398067881786076,
        1.4379009535430043,
        1.4777340252999325,
        1.5175670970568604,
        1.5574001688137886,
        1.5972332405707166,
        1.6370663123276448,
        1.676899384084573,
        1.716732455841501,
        1.756565527598429,
        1.796398599355357,
        1.8362316711122852,
        1.8760647428692134,
        1.9158978146261414,
        1.9557308863830696,
        1.9955639581399975,
        2.0353970298969255,
        2.0752301016538537,
        2.115063173410782
      ],
      "volatilities": [
        0.0943040656099746,
        0.10188079784663874,
        0.1210007730666257,
        0.1479401267035503,
        0.180780990791191,
        0.22200901944367746,
        0.2730419525186185,
        0.32964311400805224,
        0.38939187526580454,
        0.45103908182537217,
        0.5139019817869284,
        0.5775837696817145,
        0.641840752841292,
        0.7065160016959745,
        0.7715043406240313,
        0.836732814343497,
        0.9021493403632544,
        0.9677157820538533,
        1.033403604780287,
        1.0991910458805925,
        1.1650612325365879,
        1.2310008814393747,
        1.296999396201099,
        1.3630482292895667,
        1.4291404014212266,
        1.4952701651500797,
        1.5614327476401764,
        1.6276241439261794,
        1.6938409766285498,
        1.7600803757052148,
        1.826339886893417,
        1.892617393959578,
        1.9589110711258013,
        2.0252193343006972,
        2.091540793136039,
        2.1578742316474786,
        2.2242185779551376,
        2.2905728843252957,
        2.356936307976848,
        2.4233080952569903,
        2.489687590241281,
        2.556074193021177,
        2.6224673494697184,
        2.6888665810179773,
        2.755271441002145,
        2.8216815464256357,
        2.8880965359567385,
        2.954516058365052,
        3.020939836044079,
        3.0873675873685356
      ]
    },
    "gmvp_with_short": {
      "volatility": 0.09028304656054119,
      "return": 0.14274454568499328,
      "weights": [
        0.30258600092837085,
        -0.05635349799281155,
        -0.12853163878287385,
        0.38105387149907827,
        0.23549732417560462,
        0.05186237606645932,
        0.006181016662264615,
        0.20159394743415207,
        0.007097277994624752,
        -0.0009866779848690325
      ]
    },
    "gmvp_no_short": {
      "volatility": 0.09430474116901118,
      "return": 0.16324265732130527,
      "weights": [
        0.3139535622619084,
        1.4690939437178585e-17,
        1.0842021724855044e-19,
        0.330802138409811,
        0.25273870778072616,
        0.034972910931493476,
        1.2468324983583301e-18,
        0.067532680616061,
        2.0057740190981832e-18,
        1.0299920638612292e-18
      ]
    },
    "market_portfolio_with_short": {
      "volatility": 0.1373558251665864,
      "return": 0.29113502682156933,
      "weights": [
        0.635835580065401,
        0.021305421496393827,
        0.21210183192977766,
        0.1853364268095464,
        0.2403750493329886,
        -0.04708169479191807,
        -0.07629893705931867,
        -0.001665205597490437,
        -0.1832943764561281,
        0.01338590427074788
      ],
      "sharpe": 1.9011572789494902
    },
    "market_portfolio_no_short": {
      "volatility": 0.11799847336888594,
      "return": 0.23774849120256258,
      "weights": [
        0.6101230762573727,
        0.0,
        0.0195165453634163,
        0.1547669825375719,
        0.2033549848227214,
        3.609905343399111e-15,
        4.875169278689695e-15,
        4.43015849699302e-15,
        6.197462248253016e-15,
        0.012238411018900656
      ],
      "sharpe": 1.7606032118152988
    },
    "assets": {
      "returns": {
        "SPDR Gold Shares": 0.26928023757875946,
        "Lion-OCBC Securities Singapore Low Carbon ETF": 0.12960184509275105,
        "Lion-OCBC Securities Hang Seng TECH ETF": 0.17103664777998456,
        "Nikko AM Singapore STI ETF": 0.1173393337844838,
        "iShares MSCI India Climate Transition ETF": 0.12820483713876635,
        "CSOP FTSE Asia Pacific Low Carbon Index ETF": 0.08915591081051784,
        "Xtrackers MSCI China UCITS ETF 1C": 0.07666826949326984,
        "Lion-OCBC Securities China Leaders ETF": 0.0646309063098287,
        "NikkoAM-StraitsTrading MSCI China Electric Vehicles and Future Mobile ETF": -0.05541400249552224,
        "CSOP CSI STAR and CHINEXT 50 index ETF": 2.115063173410782
      },
      "names": [
        "SPDR Gold Shares",
        "Lion-OCBC Securities Singapore Low Carbon ETF",
        "Lion-OCBC Securities Hang Seng TECH ETF",
        "Nikko AM Singapore STI ETF",
        "iShares MSCI India Climate Transition ETF",
        "CSOP FTSE Asia Pacific Low Carbon Index ETF",
        "Xtrackers MSCI China UCITS ETF 1C",
        "Lion-OCBC Securities China Leaders ETF",
        "NikkoAM-StraitsTrading MSCI China Electric Vehicles and Future Mobile ETF",
        "CSOP CSI STAR and CHINEXT 50 index ETF"
      ]
    }
  }
}