{
  "fundData": {
    "SPDR Gold Shares": {
      "annualizedReturn": 0.30883374183767476,
      "annualizedVolatility": 0.15732132215646458,
      "sharpeRatio": 1.77238366685197,
      "sortinoRatio": 2.5621154854466117,
      "maxDrawdown": -0.10954564460233329,
      "description": "An ETF tracking the price of gold bullion, providing exposure to the precious metals market.",
      "assetClass": "Alternative - Commodities"
    },
    "Lion-OCBC Securities Singapore Low Carbon ETF": {
      "annualizedReturn": 0.13833711886367728,
      "annualizedVolatility": 0.16406447223625487,
      "sharpeRatio": 0.6603325960032985,
      "sortinoRatio": 0.7468917366231554,
      "maxDrawdown": -0.14963211800296128,
      "description": "An ETF focusing on Singapore companies with lower carbon footprints compared to sector peers.",
      "assetClass": "Equity - ESG"
    },
    "Lion-OCBC Securities Hang Seng TECH ETF": {
      "annualizedReturn": 0.1864653955298059,
      "annualizedVolatility": 0.3627351494359129,
      "sharpeRatio": 0.4313488664473907,
      "sortinoRatio": 0.6513536957573006,
      "maxDrawdown": -0.3346613902177462,
      "description": "An ETF tracking the Hang Seng TECH Index, providing exposure to the 30 largest technology companies in Hong Kong.",
      "assetClass": "Equity - Technology"
    },
    "Nikko AM Singapore STI ETF": {
      "annualizedReturn": 0.12447023640142052,
      "annualizedVolatility": 0.12918677587361033,
      "sharpeRatio": 0.731268628407023,
      "sortinoRatio": 0.853460558434993,
      "maxDrawdown": -0.14486328083699684,
      "description": "An ETF tracking the Straits Times Index, providing exposure to the Singapore stock market.",
      "assetClass": "Equity - Singapore"
    },
    "iShares MSCI India Climate Transition ETF": {
      "annualizedReturn": 0.13674877504846794,
      "annualizedVolatility": 0.15263002081308924,
      "sharpeRatio": 0.6993956659364707,
      "sortinoRatio": 0.9210944554212331,
      "maxDrawdown": -0.16583665021705052,
      "description": "An ETF focused on Indian companies that are aligned with the transition to a low carbon economy.",
      "assetClass": "Equity - India"
    },
    "CSOP FTSE Asia Pacific Low Carbon Index ETF": {
      "annualizedReturn": 0.09323385482469004,
      "annualizedVolatility": 0.17328517027812598,
      "sharpeRatio": 0.364912096766264,
      "sortinoRatio": 0.3125143915480259,
      "maxDrawdown": -0.17129863132192513,
      "description": "An ETF tracking companies with low carbon footprint across the Asia Pacific region.",
      "assetClass": "Equity - ESG"
    },
    "Xtrackers MSCI China UCITS ETF 1C": {
      "annualizedReturn": 0.07967126345666964,
      "annualizedVolatility": 0.29094621520318353,
      "sharpeRatio": 0.1707231813343284,
      "sortinoRatio": 0.23326465077973194,
      "maxDrawdown": -0.25853659466999346,
      "description": "An ETF providing exposure to large and mid-cap companies from mainland China.",
      "assetClass": "Equity - China"
    },
    "Lion-OCBC Securities China Leaders ETF": {
      "annualizedReturn": 0.06675637559616554,
      "annualizedVolatility": 0.24278989759450834,
      "sharpeRatio": 0.15139170105649788,
      "sortinoRatio": 0.2132119433322071,
      "maxDrawdown": -0.19962219389076497,
      "description": "An ETF focusing on leading Chinese companies across various sectors.",
      "assetClass": "Equity - China"
    },
    "NikkoAM-StraitsTrading MSCI China Electric Vehicles and Future Mobile ETF": {
      "annualizedReturn": -0.053912383231681016,
      "annualizedVolatility": 0.37584917247911487,
      "sharpeRatio": -0.22326079016801306,
      "sortinoRatio": -0.31483761013390504,
      "maxDrawdown": -0.46849759804843405,
      "description": "An ETF targeting Chinese companies in the electric vehicle and mobile technology sectors.",
      "assetClass": "Equity - Sector Specific"
    },
    "CSOP CSI STAR and CHINEXT 50 index ETF": {
      "annualizedReturn": 7.217257787435962,
      "annualizedVolatility": 3.0873675961940155,
      "sharpeRatio": 2.3279566049394727,
      "sortinoRatio": 34.20833036506931,
      "maxDrawdown": -0.30482201367636275,
      "description": "An ETF tracking innovative and high-growth Chinese companies listed on the STAR and ChiNext boards.",
      "assetClass": "Equity - Growth"
    }
  },
  "covarianceMatrix": [
    [
      0.024749998405058128,
      0.00298319331088468,
      0.0051419610793132795,
      0.0021315329871507502,
      0.0008031036324257623,
      0.0026585912827089254,
      0.001702837802728439,
      0.0017693197598453697,
      0.0017048284439876477,
      0.028260505496998004
    ],
    [
      0.00298319331088468,
      0.02691715105016083,
      0.022889309810378542,
      0.015418139242848615,
      0.008742591143007036,
      0.014196295416982137,
      0.02028257405789535,
      0.014011826311818815,
      0.017733137387939146,
      0.030127351998451582
    ],
    [
      0.0051419610793132795,
      0.022889309810378542,
      0.13157678863629405,
      0.016375616267900094,
      0.007111060337957597,
      0.022152689735345513,
      0.08668951543473713,
      0.0717661060971303,
      0.0991110433371924,
      -0.020935093813992688
    ],
    [
      0.0021315329871507502,
      0.015418139242848615,
      0.016375616267900094,
      0.016689223060618402,
      0.006716683068531932,
      0.011109374042429721,
      0.013793282261020999,
      0.009025624444856682,
      0.012370203789786918,
      0.022684767902738365
    ],
    [
      0.0008031036324257623,
      0.008742591143007036,
      0.007111060337957597,
      0.006716683068531932,
      0.02329592325340406,
      0.00938106689286973,
      0.007696336785591962,
      0.003428427072131413,
      0.006025730914097484,
      0.013889408818120659
    ],
    [
      0.0026585912827089254,
      0.014196295416982137,
      0.022152689735345513,
      0.011109374042429721,
      0.00938106689286973,
      0.03002775023831909,
      0.0201724881498567,
      0.013550629733593446,
      0.020931770483995388,
      0.005981442947327215
    ],
    [
      0.001702837802728439,
      0.02028257405789535,
      0.08668951543473713,
      0.013793282261020999,
      0.007696336785591962,
      0.0201724881498567,
      0.08464970014105719,
      0.05327235023768626,
      0.07139178346733456,
      -0.026798315640431617
    ],
    [
      0.0017693197598453697,
      0.014011826311818815,
      0.0717661060971303,
      0.009025624444856682,
      0.003428427072131413,
      0.013550629733593446,
      0.05327235023768626,
      0.05894693437395186,
      0.0631357562290784,
      -0.02012662980377471
    ],
    [
      0.0017048284439876477,
      0.017733137387939146,
      0.0991110433371924,
      0.012370203789786918,
      0.006025730914097484,
      0.020931770483995388,
      0.07139178346733456,
      0.0631357562290784,
      0.14126260045323555,
      0.002466313790127484
    ],
    [
      0.028260505496998004,
      0.030127351998451582,
      -0.020935093813992688,
      0.022684767902738365,
      0.013889408818120659,
      0.005981442947327215,
      -0.026798315640431617,
      -0.02012662980377471,
      0.002466313790127484,
      9.531838674028815
    ]
  ],
  "correlationMatrix": [
    [
      1.0,
      0.11557908795629594,
      0.09010555295556183,
      0.10487848634824723,
      0.03344598873356727,
      0.09752199820927122,
      0.03720257348675786,
      0.04632208809608465,
      0.028832313843293423,
      0.058184056531916516
    ],
    [
      0.11557908795629594,
      0.9999999999999999,
      0.3846170303949845,
      0.7274436514499601,
      0.3491287868489465,
      0.499343136600439,
      0.42490888512251146,
      0.35176253912672645,
      0.28757917573314185,
      0.059478235231784124
    ],
    [
      0.09010555295556183,
      0.3846170303949845,
      0.9999999999999998,
      0.3494539485480269,
      0.12844131964937186,
      0.35243207449905306,
      0.8214180126608961,
      0.8148902651261691,
      0.7269738821805297,
      -0.018693771440866477
    ],
    [
      0.10487848634824723,
      0.7274436514499601,
      0.3494539485480269,
      0.9999999999999998,
      0.3406409326821639,
      0.49626098387344253,
      0.36697531496875946,
      0.28775878231397234,
      0.25476818688691694,
      0.056875855068791836
    ],
    [
      0.03344598873356727,
      0.3491287868489465,
      0.12844131964937186,
      0.3406409326821639,
      0.9999999999999999,
      0.35469157426287384,
      0.173313099180033,
      0.09251759621046819,
      0.10504035286696592,
      0.029475111451905837
    ],
    [
      0.09752199820927122,
      0.499343136600439,
      0.35243207449905306,
      0.49626098387344253,
      0.35469157426287384,
      1.0,
      0.40011548508051903,
      0.322082752577382,
      0.321388970341201,
      0.01118037127074949
    ],
    [
      0.03720257348675786,
      0.42490888512251146,
      0.8214180126608961,
      0.36697531496875946,
      0.173313099180033,
      0.40011548508051903,
      1.0,
      0.7541513854173312,
      0.6528627965389793,
      -0.02983365371087795
    ],
    [
      0.04632208809608465,
      0.35176253912672645,
      0.8148902651261691,
      0.28775878231397234,
      0.09251759621046819,
      0.322082752577382,
      0.7541513854173312,
      1.0000000000000002,
      0.6918806367360136,
      -0.026850483156437104
    ],
    [
      0.028832313843293423,
      0.28757917573314185,
      0.7269738821805297,
      0.25476818688691694,
      0.10504035286696592,
      0.321388970341201,
      0.6528627965389793,
      0.6918806367360136,
      0.9999999999999998,
      0.0021254279686997632
    ],
    [
      0.058184056531916516,
      0.059478235231784124,
      -0.018693771440866477,
      0.056875855068791836,
      0.029475111451905837,
      0.01118037127074949,
      -0.02983365371087795,
      -0.026850483156437104,
      0.0021254279686997632,
      1.0
    ]
  ],
  "fundsWithTickers": {
    "SPDR Gold Shares": "O87.SI",
    "Lion-OCBC Securities Singapore Low Carbon ETF": "ESG.SI",
    "Lion-OCBC Securities Hang Seng TECH ETF": "HST.SI",
    "Nikko AM Singapore STI ETF": "G3B.SI",
    "iShares MSCI India Climate Transition ETF": "QK9.SI",
    "CSOP FTSE Asia Pacific Low Carbon Index ETF": "LCS.SI",
    "Xtrackers MSCI China UCITS ETF 1C": "TID.SI",
    "Lion-OCBC Securities China Leaders ETF": "YYY.SI",
    "NikkoAM-StraitsTrading MSCI China Electric Vehicles and Future Mobile ETF": "EVS.SI",
    "CSOP CSI STAR and CHINEXT 50 index ETF": "SCY.SI"
  },
  "fundDescriptions": {
    "SPDR Gold Shares": "An ETF tracking the price of gold bullion, providing exposure to the precious metals market.",
    "Lion-OCBC Securities Singapore Low Carbon ETF": "An ETF focusing on Singapore companies with lower carbon footprints compared to sector peers.",
    "Lion-OCBC Securities Hang Seng TECH ETF": "An ETF tracking the Hang Seng TECH Index, providing exposure to the 30 largest technology companies in Hong Kong.",
    "Nikko AM Singapore STI ETF": "An ETF tracking the Straits Times Index, providing exposure to the Singapore stock market.",
    "iShares MSCI India Climate Transition ETF": "An ETF focused on Indian companies that are aligned with the transition to a low carbon economy.",
    "CSOP FTSE Asia Pacific Low Carbon Index ETF": "An ETF tracking companies with low carbon footprint across the Asia Pacific region.",
    "Xtrackers MSCI China UCITS ETF 1C": "An ETF providing exposure to large and mid-cap companies from mainland China.",
    "Lion-OCBC Securities China Leaders ETF": "An ETF focusing on leading Chinese companies across various sectors.",
    "NikkoAM-StraitsTrading MSCI China Electric Vehicles and Future Mobile ETF": "An ETF targeting Chinese companies in the electric vehicle and mobile technology sectors.",
    "CSOP CSI STAR and CHINEXT 50 index ETF": "An ETF tracking innovative and high-growth Chinese companies listed on the STAR and ChiNext boards."
  },
  "fundAssetClasses": {
    "SPDR Gold Shares": "Alternative - Commodities",
    "Lion-OCBC Securities Singapore Low Carbon ETF": "Equity - ESG",
    "Lion-OCBC Securities Hang Seng TECH ETF": "Equity - Technology",
    "Nikko AM Singapore STI ETF": "Equity - Singapore",
    "iShares MSCI India Climate Transition ETF": "Equity - India",
    "CSOP FTSE Asia Pacific Low Carbon Index ETF": "Equity - ESG",
    "Xtrackers MSCI China UCITS ETF 1C": "Equity - China",
    "Lion-OCBC Securities China Leaders ETF": "Equity - China",
    "NikkoAM-StraitsTrading MSCI China Electric Vehicles and Future Mobile ETF": "Equity - Sector Specific",
    "CSOP CSI STAR and CHINEXT 50 index ETF": "Equity - Growth"
  },
  "efficientFrontier": {
    "ef_with_short": {
      "returns": [
        0.1427445563222463,
        0.19162886758287268,
        0.24051317884349904,
        0.2893974901041254,
        0.3382818013647517,
        0.38716611262537814,
        0.43605042388600446,
        0.4849347351466308,
        0.5338190464072572,
        0.5827033576678835,
        0.6315876689285099,
        0.6804719801891363,
        0.7293562914497627,
        0.778240602710389,
        0.8271249139710153,
        0.8760092252316418,
        0.9248935364922681,
        0.9737778477528944,
        1.0226621590135208,
        1.071546470274147,
        1.1204307815347736,
        1.1693150927954,
        1.2181994040560262,
        1.2670837153166525,
        1.3159680265772788,
        1.3648523378379052,
        1.4137366490985317,
        1.462620960359158,
        1.5115052716197843,
        1.5603895828804106,
        1.6092738941410372,
        1.6581582054016635,
        1.7070425166622898,
        1.755926827922916,
        1.8048111391835424,
        1.853695450444169,
        1.9025797617047953,
        1.9514640729654216,
        2.000348384226048,
        2.0492326954866744,
        2.0981170067473007,
        2.147001318007927,
        2.195885629268554,
        2.24476994052918,
        2.2936542517898064,
        2.3425385630504327,
        2.391422874311059,
        2.4403071855716854,
        2.4891914968323117,
        2.538075808092938
      ],
      "volatilities": [
        0.09028344611107533,
        0.09649681468583649,
        0.11313877434487715,
        0.13644469104556103,
        0.16359101866198064,
        0.1929639013881869,
        0.22368771681787764,
        0.2557687530910108,
        0.2902643945658366,
        0.32657612165161864,
        0.36677655325845854,
        0.41105483897410233,
        0.4582668969088374,
        0.5093089480647217,
        0.5640281534126488,
        0.6214515841235448,
        0.6808811892565013,
        0.7420642321843126,
        0.804916309967451,
        0.869141050497453,
        0.9346376932798021,
        1.0013521659728637,
        1.0690670926191725,
        1.1376038308247371,
        1.2068223872061337,
        1.2766120118239683,
        1.3468836625752598,
        1.4175654817739745,
        1.4885995357052717,
        1.5599374983341707,
        1.6315395036493554,
        1.7033722566822025,
        1.7754077414338787,
        1.8476222564925675,
        1.919995594118381,
        1.9925104509746858,
        2.065151919031587,
        2.1379070913552933,
        2.210769767869327,
        2.2837160133585455,
        2.3567664743162786,
        2.4298770750872394,
        2.5031383507769123,
        2.5765250294700546,
        2.6500266930906453,
        2.723634032874914,
        2.7973387072962463,
        2.87113321930555,
        2.9450108158381725,
        3.0189653978610664
      ],
      "weights": [
        [
          0.30168709830885154,
          -0.05640644307744647,
          -0.12775898051463247,
          0.38150442165654147,
          0.23750391575242893,
          0.050754492425098684,
          0.0055787081403776044,
          0.20121000676748965,
          0.006929015087657628,
          -0.00100223454636678
        ],
        [
          0.4117956139439555,
          -0.030710519772321188,
          -0.015666984068941667,
          0.3168485352551349,
          0.23827633046150257,
          0.01838955812669788,
          -0.02117677123726339,
          0.13416431653435604,
          -0.05565613738957458,
          0.003736058146454059
        ],
        [
          0.5220655569367235,
          -0.005640818706120493,
          0.09652819745543106,
          0.2535430115224294,
          0.2395470934611632,
          -0.015095598470125586,
          -0.04864238638826374,
          0.06706295134181692,
          -0.11783209512088996,
          0.008464087967835827
        ],
        [
          0.6318933274815375,
          0.020485160819025114,
          0.20865779565988649,
          0.18855522300830319,
          0.23963735092605193,
          -0.04718416601316149,
          -0.07471024074703024,
          0.0006591617279680186,
          -0.18118578101949065,
          0.013192168156910093
        ],
        [
          0.7427579274128455,
          0.046988056028905316,
          0.31948293241934306,
          0.12291030956975363,
          0.24162369953157486,
          -0.07992407710667758,
          -0.10209565771808264,
          -0.06588602807586946,
          -0.24374955312876667,
          0.017892391066973955
        ],
        [
          0.8509058500569692,
          0.06842208973216664,
          0.4340724910660157,
          0.06225945086669906,
          0.2428344535983121,
          -0.11002374992193159,
          -0.1308481740643689,
          -0.13404846882885185,
          -0.3062771961469435,
          0.022703253641932798
        ],
        [
          0.9621631223747902,
          0.09631045038684105,
          0.5425025212190117,
          -0.0034618891840280004,
          0.24431261003076415,
          -0.14544376151020783,
          -0.15456798308165098,
          -0.20003197007470178,
          -0.36923307835148156,
          0.027449978190663336
        ],
        [
          1.0,
          0.1357807270686073,
          0.6918230762650873,
          -0.03717377793927719,
          0.2739161208461747,
          -0.17212158168931196,
          -0.2040880246926688,
          -0.2666600411793034,
          -0.45549945590711366,
          0.03402295722780555
        ],
        [
          1.0,
          0.17994475367422438,
          0.8581579757263852,
          -0.051872929858251246,
          0.3190622697735111,
          -0.19786406879467439,
          -0.2610514573153415,
          -0.3329823843352262,
          -0.5550206849849292,
          0.04162652611430174
        ],
        [
          1.0,
          0.2305598269216965,
          1.0,
          -0.06880182428150468,
          0.362732047788844,
          -0.22817781013075675,
          -0.30015471781484987,
          -0.38791557949023464,
          -0.658367606545064,
          0.05012566355186937
        ],
        [
          1.0,
          0.31661893660801954,
          1.0,
          -0.09754614602379519,
          0.4019182313731478,
          -0.29758054856838906,
          -0.23906049062385926,
          -0.3708606444400222,
          -0.7777359029450029,
          0.06424656461990116
        ],
        [
          1.0,
          0.4003328768591754,
          1.0,
          -0.1278068519612118,
          0.4434365917228527,
          -0.3667196586188549,
          -0.1781367903554623,
          -0.3520010287336715,
          -0.8974889099905498,
          0.07838377107772213
        ],
        [
          1.0,
          0.48608591719362504,
          1.0,
          -0.16115309161451402,
          0.49617614534420695,
          -0.44494820507897714,
          -0.13120407879996426,
          -0.3383447566219029,
          -1.0,
          0.09338806957752645
        ],
        [
          1.0,
          0.6216457200195142,
          1.0,
          -0.19284565009249574,
          0.566388186460362,
          -0.5684167044221221,
          -0.11498863498027134,
          -0.4247359085749924,
          -1.0,
          0.11295299159000531
        ],
        [
          0.9999999999999998,
          0.7540159244251383,
          0.9999999999999997,
          -0.21779862910289827,
          0.6359819404825807,
          -0.6947171584249867,
          -0.09982839158609251,
          -0.5101586563749477,
          -0.9999999999999999,
          0.1325049705812064
        ],
        [
          0.9999999999999999,
          0.8879030802995388,
          1.0,
          -0.24650237486220491,
          0.7061496879974621,
          -0.8194122702100103,
          -0.08431557838756727,
          -0.5958887772000842,
          -1.0,
          0.1520662323628654
        ],
        [
          0.9999999999999999,
          0.9999999999999996,
          0.9999999999999994,
          -0.278059662433908,
          0.7825638278673358,
          -0.9234358661756811,
          -0.04839495370349206,
          -0.7045039204400851,
          -1.0,
          0.17183057488583178
        ],
        [
          1.0,
          1.0,
          0.9999999999999999,
          -0.2227205584510352,
          0.8511128022295325,
          -1.0,
          -0.026140492595215094,
          -0.7951605140803506,
          -1.0,
          0.19290876289706893
        ],
        [
          0.9999999999999999,
          1.0,
          1.0,
          -0.229702454585934,
          0.9213112310641048,
          -1.0,
          0.005474980708897483,
          -0.911650859989937,
          -0.9999999999999999,
          0.21456710280286848
        ],
        [
          0.9999999999999998,
          1.0,
          1.0,
          -0.22051243559314276,
          0.9695704935493126,
          -0.9999999999999996,
          0.014318300509537599,
          -1.0,
          -1.0,
          0.23662364153429033
        ],
        [
          1.0,
          0.9999999999999996,
          1.0,
          -0.222521917054579,
          0.9999999999999989,
          -1.0,
          -0.03735423899996458,
          -1.0,
          -1.0,
          0.25987615605454434
        ],
        [
          1.0,
          1.0,
          1.0,
          -0.19904253790975207,
          1.0,
          -0.9999999999999998,
          -0.08434691253651151,
          -1.0,
          -1.0,
          0.2833894504462615
        ],
        [
          1.0,
          0.9999999999999997,
          0.9999999999999998,
          -0.1751279838843705,
          0.9999999999999998,
          -0.9999999999999994,
          -0.13176607800824902,
          -0.9999999999999996,
          -0.9999999999999998,
          0.30689406189261903
        ],
        [
          1.0,
          0.9999999999999991,
          1.0,
          -0.15119659308487848,
          1.0,
          -1.0,
          -0.17920174535569533,
          -1.0,
          -1.0,
          0.3303983384405745
        ],
        [
          0.9999999999999999,
          0.9999999999999994,
          0.9999999999999982,
          -0.1280725276150181,
          1.0,
          -0.9999999999999999,
          -0.225846194555857,
          -0.9999999999999988,
          -0.9999999999999999,
          0.3539187221708757
        ],
        [
          0.9999999999999994,
          1.0,
          0.9999999999999984,
          -0.10602296275923696,
          1.0,
          -1.0,
          -0.2714375823562654,
          -0.9999999999999997,
          -0.9999999999999996,
          0.37746054511550164
        ],
        [
          1.0,
          0.9999999999999993,
          0.9999999999999994,
          -0.08244906561217583,
          0.9999999999999992,
          -0.9999999999999999,
          -0.3185228894938158,
          -0.9999999999999991,
          -1.0,
          0.4009719551059922
        ],
        [
          0.9999999999999977,
          1.0,
          0.9999999999999969,
          -0.055547012945132715,
          1.0,
          -1.0,
          -0.3688699449222696,
          -1.0,
          -0.9999999999999972,
          0.4244169578674037
        ],
        [
          0.9999999999999983,
          1.0,
          0.9999999999999967,
          -0.031636004359451894,
          1.0,
          -0.9999999999999999,
          -0.4162856355828556,
          -0.9999999999999994,
          -0.9999999999999973,
          0.4479216399423086
        ],
        [
          0.9999999999999999,
          1.0,
          1.0,
          -0.00770979094284804,
          1.0,
          -1.0,
          -0.46371622836340043,
          -1.0,
          -0.9999999999999992,
          0.4714260193062456
        ],
        [
          1.0,
          0.9999999999999996,
          1.0,
          0.016117641602383936,
          0.9999999999999997,
          -1.0,
          -0.5110500110681551,
          -1.0,
          -1.0,
          0.4949323694657694
        ],
        [
          1.0,
          1.0,
          1.0,
          0.04006421215956148,
          1.0,
          -1.0,
          -0.5585005554473497,
          -0.9999999999999999,
          -1.0,
          0.5184363432877863
        ],
        [
          0.9999999999999976,
          1.0,
          0.9999999999999902,
          0.06402567220982222,
          0.9999999999999996,
          -0.9999999999999984,
          -0.6059656900930114,
          -0.9999999999999984,
          -0.999999999999997,
          0.5419400178831949
        ],
        [
          0.9999999999999994,
          1.0,
          0.9999999999999997,
          0.08795081021140068,
          1.0,
          -0.9999999999999993,
          -0.6533952291197713,
          -0.9999999999999991,
          -0.9999999999999989,
          0.5654444189083667
        ],
        [
          1.0,
          1.0,
          1.0,
          0.11186999266568137,
          0.9999999999999994,
          -0.9999999999999999,
          -0.7008189306789157,
          -0.9999999999999998,
          -1.0,
          0.5889489380132344
        ],
        [
          1.0,
          1.0,
          1.0,
          0.13579000141694883,
          0.9999999999999998,
          -1.0,
          -0.7482434424363866,
          -1.0,
          -1.0,
          0.6124534410194353
        ],
        [
          1.0,
          0.9999999999999994,
          1.0,
          0.15970901071650948,
          0.9999999999999992,
          -1.0,
          -0.7956669749142082,
          -0.9999999999999996,
          -1.0,
          0.6359579641977002
        ],
        [
          0.9999999999999967,
          1.0,
          0.9999999999999953,
          0.18362898682912776,
          1.0,
          -1.0,
          -0.843091454775987,
          -1.0,
          -0.9999999999999973,
          0.6594624679468648
        ],
        [
          0.9999999999999967,
          1.0,
          0.9999999999999971,
          0.2250167892507731,
          1.0,
          -0.9999999999999996,
          -0.9076352339227509,
          -1.0,
          -0.9999999999999968,
          0.6826184446719796
        ],
        [
          0.9999999999999976,
          1.0,
          0.9999999999999962,
          0.22373977439843512,
          1.0,
          -0.9999999999999984,
          -0.9303654655342136,
          -0.9999999999999994,
          -0.9999999999999971,
          0.7066256911357789
        ],
        [
          1.0,
          0.999999999999999,
          1.0,
          0.22217862173099884,
          0.9999999999999993,
          -0.9999999999999997,
          -0.9528172289172055,
          -0.9999999999999997,
          -1.0,
          0.7306386071862069
        ],
        [
          1.0,
          0.9999999999999988,
          1.0,
          0.24585196884329896,
          0.9999999999999988,
          -0.9999999999999999,
          -0.9999999999999999,
          -1.0,
          -1.0,
          0.7541480311566993
        ],
        [
          0.9999999999999996,
          1.0,
          1.0,
          0.22138196424825862,
          1.0,
          -1.0,
          -1.0,
          -1.0,
          -1.0,
          0.778618035751743
        ],
        [
          0.9999999999999972,
          0.9999999999999994,
          0.9999999999999899,
          0.19691195981298323,
          1.0,
          -0.9999999999999987,
          -0.9999999999999964,
          -0.9999999999999976,
          -0.9999999999999963,
          0.8030880401870191
        ],
        [
          0.9999999999999981,
          1.0,
          0.9999999999999966,
          0.17244195546122207,
          0.9999999999999999,
          -0.9999999999999974,
          -1.0,
          -0.9999999999999983,
          -0.9999999999999992,
          0.8275580445387787
        ],
        [
          1.0,
          0.9999999999999993,
          1.0,
          0.14797195105886574,
          0.9999999999999993,
          -0.9999999999999994,
          -0.9999999999999992,
          -1.0,
          -1.0,
          0.8520280489411335
        ],
        [
          0.9999999999999998,
          0.9999999999999993,
          1.0,
          0.12350194643054983,
          0.9999999999999997,
          -0.9999999999999992,
          -1.0,
          -0.9999999999999993,
          -0.9999999999999999,
          0.8764980535694487
        ],
        [
          1.0,
          0.9999999999999997,
          1.0,
          0.09903194194093728,
          0.9999999999999994,
          -1.0,
          -1.0,
          -1.0,
          -0.9999999999999999,
          0.900968058059065
        ],
        [
          0.9999999999999999,
          1.0,
          1.0,
          0.07456193750139353,
          0.9999999999999997,
          -0.9999999999999999,
          -1.0,
          -1.0,
          -1.0,
          0.9254380624986068
        ],
        [
          0.9999999999999999,
          0.999999999999999,
          0.9999999999999998,
          0.05009193294746646,
          0.9999999999999996,
          -0.9999999999999994,
          -0.9999999999999994,
          -0.9999999999999996,
          -0.9999999999999998,
          0.9499080670525331
        ]
      ]
    },
    "ef_no_short": {
      "returns": [
        0.1632426496686626,
        0.20307572158176707,
        0.24290879349487154,
        0.282741865407976,
        0.3225749373210805,
        0.362408009234185,
        0.40224108114728946,
        0.44207415306039394,
        0.4819072249734984,
        0.521740296886603,
        0.5615733687997073,
        0.6014064407128119,
        0.6412395126259163,
        0.6810725845390209,
        0.7209056564521252,
        0.7607387283652298,
        0.8005718002783342,
        0.8404048721914388,
        0.8802379441045431,
        0.9200710160176477,
        0.9599040879307521,
        0.9997371598438567,
        1.039570231756961,
        1.0794033036700657,
        1.11923637558317,
        1.1590694474962746,
        1.198902519409379,
        1.2387355913224833,
        1.278568663235588,
        1.3184017351486925,
        1.358234807061797,
        1.3980678789749013,
        1.4379009508880058,
        1.4777340228011104,
        1.5175670947142148,
        1.5574001666273192,
        1.5972332385404238,
        1.6370663104535284,
        1.6768993823666327,
        1.716732454279737,
        1.7565655261928417,
        1.7963985981059463,
        1.8362316700190506,
        1.876064741932155,
        1.9158978138452596,
        1.9557308857583642,
        1.9955639576714685,
        2.035397029584573,
        2.0752301014976777,
        2.115063173410782
      ],
      "volatilities": [
        0.0943040802709922,
        0.10188081233771645,
        0.12100078754543238,
        0.1479401431629533,
        0.18078100863339192,
        0.22200903297027313,
        0.27304196072300835,
        0.32964311697637744,
        0.38939187382554863,
        0.4510390806963812,
        0.5139019793935458,
        0.5775837680481238,
        0.6418407464283851,
        0.7065159971668165,
        0.7715043358764958,
        0.8367328096344759,
        0.9021493343595789,
        0.9677157773959979,
        1.03340359913581,
        1.0991910419210704,
        1.1650612280368469,
        1.2310008763798455,
        1.2969993913010978,
        1.3630482231994097,
        1.4291403966308236,
        1.4952701605998442,
        1.5614327425994274,
        1.6276241392831579,
        1.6938409726644126,
        1.7600803705961798,
        1.8263398803892248,
        1.8926173885004263,
        1.9589110685030293,
        2.0252193323952574,
        2.091540790371485,
        2.1578742293460653,
        2.224218575940089,
        2.2905728825482194,
        2.35693629901956,
        2.423308101468643,
        2.4896875967284915,
        2.556074192336083,
        2.6224673416135693,
        2.6888665808962107,
        2.755271448618363,
        2.821681554329849,
        2.8880965292432874,
        2.954516059396748,
        3.0209398373688585,
        3.0873675889880383
      ],
      "weights": [
        [
          0.31423796566093126,
          3.037121335675019e-17,
          3.5815941141700836e-17,
          0.33113186675705725,
          0.2511259984118223,
          0.03607122646155739,
          0.0,
          0.06743294270863177,
          1.5111067779016718e-18,
          0.0
        ],
        [
          0.47723089006010794,
          2.488328689148958e-17,
          0.0,
          0.2606197403092284,
          0.23065468947649093,
          0.0,
          5.352824710173551e-18,
          0.025457245514136806,
          2.886476526005842e-17,
          0.0060374346400359595
        ],
        [
          0.6303144766593394,
          0.0,
          0.021596371845552922,
          0.13647658928440348,
          0.1983554699419295,
          2.6291902682773483e-18,
          0.0,
          0.0,
          0.0,
          0.013257092268774725
        ],
        [
          0.7874154949870465,
          4.457256775041579e-17,
          0.03674232293463756,
          4.29394882281095e-17,
          0.1547645184000083,
          2.503659985494261e-17,
          0.0,
          0.0,
          0.0,
          0.02107766367830756
        ],
        [
          0.9329121473703011,
          0.0,
          0.032011559833329886,
          0.0,
          0.004179257451553838,
          0.0,
          5.545694112263355e-17,
          5.637851296924623e-17,
          1.1817803680091998e-16,
          0.030897035344815214
        ],
        [
          0.9495456534147668,
          5.551115123125783e-17,
          0.0,
          1.457167719820518e-16,
          9.71445146547012e-17,
          5.724587470723463e-17,
          0.0,
          0.0,
          0.0,
          0.05045434658523326
        ],
        [
          0.9279650699609332,
          2.7755575615628914e-17,
          0.0,
          0.0,
          1.6653345369377348e-16,
          0.0,
          0.0,
          0.0,
          0.0,
          0.07203493003906741
        ],
        [
          0.9063844878757268,
          0.0,
          1.6653345369377348e-16,
          0.0,
          0.0,
          0.0,
          1.6479873021779667e-17,
          1.1362438767648086e-16,
          0.0,
          0.09361551212427416
        ],
        [
          0.8848039046082259,
          0.0,
          0.0,
          0.0,
          1.3877787807814457e-16,
          1.249000902703301e-16,
          4.336808689942018e-18,
          0.0,
          0.0,
          0.11519609539177478
        ],
        [
          0.8632233209062946,
          2.0816681711721685e-16,
          1.3877787807814457e-17,
          2.740863092043355e-16,
          1.1102230246251565e-16,
          1.717376241217039e-16,
          0.0,
          0.0,
          0.0,
          0.1367766790937053
        ],
        [
          0.8416427379045751,
          1.1102230246251565e-16,
          3.469446951953614e-16,
          0.0,
          0.0,
          7.546047120499111e-17,
          0.0,
          0.0,
          3.2959746043559335e-17,
          0.15835726209542486
        ],
        [
          0.820062154947721,
          1.3877787807814457e-17,
          0.0,
          4.3368086899420177e-16,
          3.469446951953614e-16,
          0.0,
          1.734723475976807e-18,
          0.0,
          0.0,
          0.17993784505227894
        ],
        [
          0.7984815727001654,
          0.0,
          4.163336342344337e-17,
          8.153200337090993e-17,
          0.0,
          0.0,
          0.0,
          0.0,
          0.0,
          0.2015184272998352
        ],
        [
          0.7769009895812663,
          0.0,
          0.0,
          0.0,
          0.0,
          0.0,
          0.0,
          0.0,
          5.984795992119984e-17,
          0.22309901041873423
        ],
        [
          0.7553204058785898,
          0.0,
          0.0,
          5.273559366969494e-16,
          3.469446951953614e-16,
          4.336808689942018e-17,
          0.0,
          1.691355389077387e-16,
          0.0,
          0.2446795941214094
        ],
        [
          0.7337398231408724,
          0.0,
          6.938893903907228e-17,
          0.0,
          0.0,
          0.0,
          1.43982048506075e-16,
          1.1796119636642288e-16,
          1.1102230246251565e-16,
          0.26626017685912773
        ],
        [
          0.7121592404382238,
          6.938893903907228e-17,
          1.1102230246251565e-16,
          1.726049858596923e-16,
          0.0,
          0.0,
          1.0148132334464322e-16,
          0.0,
          0.0,
          0.28784075956177596
        ],
        [
          0.6905786568722254,
          0.0,
          0.0,
          0.0,
          0.0,
          0.0,
          0.0,
          1.0234868508263162e-16,
          1.3487475025719675e-16,
          0.30942134312777486
        ],
        [
          0.6689980740440401,
          0.0,
          0.0,
          0.0,
          8.326672684688674e-17,
          1.6479873021779667e-17,
          1.249000902703301e-16,
          3.426078865054194e-17,
          0.0,
          0.33100192595595995
        ],
        [
          0.6474174908495208,
          1.240327285323417e-16,
          2.7755575615628914e-17,
          1.1449174941446927e-16,
          0.0,
          0.0,
          2.688821387764051e-17,
          7.32920668600201e-17,
          0.0,
          0.3525825091504793
        ],
        [
          0.6258369079906023,
          1.3270634591222574e-16,
          1.457167719820518e-16,
          7.546047120499111e-17,
          1.5265566588595902e-16,
          0.0,
          0.0,
          0.0,
          0.0,
          0.37416309200939757
        ],
        [
          0.6042563249293866,
          1.0148132334464322e-16,
          4.163336342344337e-17,
          6.505213034913027e-17,
          0.0,
          0.0,
          2.168404344971009e-17,
          0.0,
          2.5847379792054426e-16,
          0.39574367507061325
        ],
        [
          0.5826757421160393,
          2.8102520310824275e-16,
          0.0,
          9.367506770274758e-17,
          8.673617379884035e-17,
          0.0,
          0.0,
          1.691355389077387e-17,
          9.82287168271867e-17,
          0.41732425788396055
        ],
        [
          0.5610951590910935,
          1.9081958235744878e-17,
          1.1796119636642288e-16,
          0.0,
          2.0816681711721685e-17,
          8.153200337090993e-17,
          0.0,
          0.0,
          2.701831813833877e-16,
          0.4389048409089062
        ],
        [
          0.5395145756057096,
          0.0,
          1.734723475976807e-16,
          1.448494102440634e-16,
          0.0,
          0.0,
          0.0,
          0.0,
          0.0,
          0.46048542439429063
        ],
        [
          0.5179339929653848,
          0.0,
          6.938893903907228e-18,
          0.0,
          0.0,
          3.7513395167998453e-17,
          0.0,
          0.0,
          2.3744027577432547e-16,
